1000
2 9 9 9 9 5 2 6 1 5 6 2 8 7 1 7 2 6 8 7 7 0 8 6 7 0 8 4 5 1 4 9 2 6 8 1 1 3 9 2 8 7 5 9 4 8 6 6 4 4 5 3 6 7 2 3 7 4 0 9 7 4 4 9 0 4 2 1 8 1 6 8 9 1 7 5 9 6 2 5 2 9 1 9 6 3 4 6 9 4 3 6 1 7 7 1 4 1 5 2 2 3 3 3 4 0 5 5 6 3 2 9 2 3 0 9 6 4 9 5 9 2 3 0 1 0 8 6 1 0 8 6 3 3 1 9 4 0 9 2 5 9 3 0 4 3 3 1 8 2 8 9 6 2 1 7 4 6 3 8 7 4 4 2 7 7 4 3 0 8 6 5 1 9 5 6 3 0 4 3 2 7 2 0 7 3 8 6 1 1 6 8 7 2 3 5 9 9 8 9 1 6 5 3 6 2 9 1 3 8 4 7 5 6 8 7 1 8 5 2 9 1 3 9 3 8 6 4 7 4 4 8 3 1 3 9 3 2 0 9 2 6 8 8 2 6 7 5 4 4 9 5 7 2 6 2 2 2 6 1 9 0 5 2 3 5 3 7 0 9 7 2 9 5 2 3 3 1 0 8 5 9 7 2 4 3 4 6 6 3 8 7 5 0 1 9 7 2 8 7 7 5 2 8 3 4 1 8 6 3 8 3 2 7 8 6 0 9 5 8 7 5 7 3 7 6 4 4 0 3 4 7 9 6 7 2 0 6 3 8 3 1 4 6 8 2 4 0 5 9 1 8 4 8 3 1 7 7 8 7 1 2 7 0 2 4 5 0 4 8 1 8 1 5 6 1 9 1 3 9 0 7 7 7 5 0 7 2 7 8 9 8 2 8 1 0 4 6 3 0 4 4 8 7 1 5 8 2 8 1 1 0 6 1 7 3 1 0 8 1 0 5 9 3 5 0 1 0 8 8 0 2 4 8 3 7 5 3 1 3 5 3 4 5 6 3 8 7 5 5 8 6 1 0 6 8 2 6 8 1 7 8 7 3 9 1 1 4 4 2 0 8 7 6 6 3 1 6 3 7 1 3 3 5 3 6 3 6 4 2 9 3 2 6 7 1 9 0 1 4 4 0 5 4 6 4 9 7 2 2 4 4 8 9 1 1 5 6 9 2 0 9 5 3 7 4 6 6 4 4 2 9 4 0 5 2 4 4 0 1 9 6 2 7 6 5 8 3 2 0 6 2 0 3 7 7 7 4 6 2 0 6 3 7 8 0 9 4 4 1 1 5 8 5 2 6 3 3 1 5 3 7 9 3 2 7 3 9 3 9 3 5 7 6 2 8 6 2 2 3 5 3 8 3 1 3 1 4 6 3 1 1 2 0 7 4 9 9 3 4 8 7 0 9 5 4 6 4 8 8 9 4 4 7 7 7 0 4 1 8 4 4 9 6 4 6 0 1 5 3 2 6 2 2 4 0 5 0 8 7 0 5 1 4 2 1 1 5 2 4 3 6 8 3 2 5 1 2 1 6 7 5 2 2 0 6 2 9 0 2 6 1 1 8 5 5 1 7 0 8 1 4 9 2 9 3 7 0 3 8 8 4 5 3 6 5 1 0 8 2 8 1 3 1 1 0 2 2 9 9 5 1 5 6 3 4 9 2 6 6 2 7 2 7 0 8 3 3 1 7 7 0 9 0 8 1 3 0 8 2 0 5 5 5 8 0 5 9 2 0 8 4 7 2 2 9 3 5 3 6 4 0 5 5 3 0 2 8 2 4 0 6 6 6 2 7 6 6 6 9 6 6 3 6 8 7 5 3 2 0 8 7 3 8 4 8 0 6 6 2 8 6 9 5 4 1 2 1 7 0 2 5 8 7 1 6 5 9 1 7 9 1 6 4 1 2 2 1 5 0 2 3 9 4 0 5 5 4 6 4 7 8 0 1 6 1 4 1 2 5 0 8 8 9 8 9 1 3 2 6 5 8 2 4 4 4 8 2 1 6 6 8 5 6 3 3 0 2 6 2 5 6 8 3 5 7 5 9 2 7 7 7 5 9 2 2 6 2 4 7 0 5 5 7 9 0 8 1 0 1 5 5 5 4 0 8 3 5 1 7 3 9 4 0 5 8 2 8 2 6 5 3 9 2 0 7 3 3 1 3 1 8 0 2 4 2 3 7 8 6 4 3 5 1 3 8 1 6 6 4 4 4 9 5 6 1 5 1 4 8 6 8 7 8 6 3 1 1 3 9
100000
128 441
65 731
472 725
147 636
100 683
362 624
100 387
61 199
295 579
445 909
22 780
371 755
269 360
413 746
435 723
164 365
429 915
738 894
506 881
236 605
564 859
302 318
516 959
362 889
162 622
535 685
56 401
21 290
702 767
118 490
483 488
653 754
263 898
491 768
727 779
694 724
41 937
347 895
556 708
70 135
329 820
81 604
227 893
453 993
571 946
434 482
405 486
187 667
30 384
435 514
108 158
44 559
199 905
106 291
612 777
292 527
131 596
174 724
23 176
167 969
746 1000
502 754
292 838
169 221
673 955
86 780
112 644
176 662
466 900
120 511
242 646
154 190
128 229
151 363
404 881
471 502
576 881
3 718
171 219
290 892
477 727
589 671
722 846
602 621
73 663
257 483
71 636
198 798
160 864
619 700
170 393
472 625
97 475
316 342
983 997
207 474
229 709
414 782
367 427
89 402
440 884
697 862
494 871
59 86
6 111
398 704
176 632
22 729
2 715
44 998
49 602
109 823
588 830
256 890
291 955
697 746
174 393
44 607
17 887
244 481
127 184
641 759
14 711
487 712
80 882
62 128
236 483
236 664
125 824
778 920
767 968
292 523
360 481
598 687
167 497
624 841
350 833
413 734
572 846
124 925
453 537
287 404
639 773
596 950
115 221
233 373
247 540
524 900
210 727
575 849
376 690
78 550
283 874
490 720
854 965
658 996
400 502
274 944
246 390
221 857
593 818
89 358
613 839
609 917
174 457
491 902
41 498
372 979
675 820
443 529
438 784
186 285
189 482
910 931
79 130
139 896
74 227
253 264
191 861
180 717
23 318
167 618
415 596
89 538
415 980
550 969
155 770
187 310
448 988
66 592
578 730
3 961
309 566
267 851
426 798
95 567
172 184
586 614
131 151
675 897
483 643
252 799
149 985
488 913
432 505
361 553
586 866
716 894
334 431
97 208
131 663
655 655
199 268
240 681
266 770
252 930
261 728
761 855
64 120
249 847
153 624
560 561
18 275
800 807
608 903
90 360
14 565
115 744
633 984
148 754
77 601
6 861
156 212
219 974
222 331
306 417
726 976
219 744
25 250
209 895
254 927
299 843
394 619
310 603
457 729
330 357
714 885
40 542
515 925
608 610
26 88
166 265
354 483
261 955
155 507
164 785
761 814
379 628
207 289
936 982
338 745
617 629
51 158
20 327
25 981
286 464
6 551
629 711
385 889
244 666
181 396
28 156
7 346
552 886
295 867
391 839
556 807
371 958
317 390
285 693
370 570
156 728
137 472
790 857
377 455
452 772
